# Rhino

mtllib advanced_capacitor_bank.mtl
o object_8
usemtl Capacitor
v 0.7375 0.125 0.668
v 0.7375 0.75 0.668
v 0.7375 0.125 0.5695
v 0.7375 0.75 0.5695
v 0.807 0.125 0.7375
v 0.807 0.75 0.7375
v 0.807 0.125 0.5
v 0.807 0.75 0.5
v 0.9055 0.125 0.7375
v 0.9055 0.75 0.7375
v 0.9055 0.125 0.5
v 0.9055 0.75 0.5
v 0.975 0.125 0.668
v 0.975 0.75 0.668
v 0.975 0.125 0.5695
v 0.975 0.75 0.5695
vt 0.08333 0
vt 0.08333 0
vt 0.6911 0.8536
vt 0.08333 1
vt 0.08333 1
vt 0.9756 0.8536
vt 0.6667 0
vt 0 0
vt 0.6667 0.5
vt 0.6667 1
vt 0 1
vt 1 0.5
vt 0.1667 0
vt 0.1667 0
vt 0.75 1
vt 0.1667 1
vt 0.1667 1
vt 0.9167 1
vt 0.5833 0
vt 0.5833 0
vt 0.6911 0.1464
vt 0.5833 1
vt 0.5833 1
vt 0.9756 0.1464
vt 0.25 0
vt 0.25 0
vt 0.8089 0.8536
vt 0.25 1
vt 0.25 1
vt 0.8577 0.8536
vt 0.5 0
vt 0.5 0
vt 0.75 0
vt 0.5 1
vt 0.5 1
vt 0.9167 0
vt 0.3333 0
vt 0.3333 0
vt 0.8333 0.5
vt 0.3333 1
vt 0.3333 1
vt 0.8333 0.5
vt 0.4167 0
vt 0.4167 0
vt 0.8089 0.1464
vt 0.4167 1
vt 0.4167 1
vt 0.8577 0.1464
vn -1 0 0
vn -0.7071 0 0.7071
vn 0 -1 0
vn -1 0 0
vn -0.7071 0 0.7071
vn 0 1 0
vn -0.7071 0 -0.7071
vn -1 0 0
vn 0 -1 0
vn -0.7071 0 -0.7071
vn -1 0 0
vn 0 1 0
vn -0.7071 0 0.7071
vn 0 0 1
vn 0 -1 0
vn -0.7071 0 0.7071
vn 0 0 1
vn 0 1 0
vn 0 0 -1
vn -0.7071 0 -0.7071
vn 0 -1 0
vn 0 0 -1
vn -0.7071 0 -0.7071
vn 0 1 0
vn 0.7071 0 0.7071
vn 0 0 1
vn 0 -1 0
vn 0.7071 0 0.7071
vn 0 0 1
vn 0 1 0
vn 0.7071 0 -0.7071
vn 0 0 -1
vn 0 -1 0
vn 0.7071 0 -0.7071
vn 0 0 -1
vn 0 1 0
vn 0.7071 0 0.7071
vn 1 0 0
vn 0 -1 0
vn 0.7071 0 0.7071
vn 1 0 0
vn 0 1 0
vn 1 0 0
vn 0.7071 0 -0.7071
vn 0 -1 0
vn 1 0 0
vn 0.7071 0 -0.7071
vn 0 1 0
f 9/25/25 13/37/37 14/40/40 10/28/28
f 13/38/38 15/43/43 16/46/46 14/41/41
f 15/44/44 11/31/31 12/34/34 16/47/47
f 11/32/32 7/19/19 8/22/22 12/35/35
f 7/20/20 3/7/7 4/10/10 8/23/23
f 3/8/8 1/1/1 2/4/4 4/11/11
f 1/2/2 5/13/13 6/16/16 2/5/5
f 5/14/14 9/26/26 10/29/29 6/17/17
f 15/45/45 1/3/3 7/21/21
f 1/3/3 3/9/9 7/21/21
f 9/27/27 5/15/15 1/3/3
f 1/3/3 15/45/45 13/39/39
f 15/45/45 7/21/21 11/33/33
f 13/39/39 9/27/27 1/3/3
f 16/48/48 8/24/24 2/6/6
f 2/6/6 8/24/24 4/12/12
f 10/30/30 2/6/6 6/18/18
f 2/6/6 14/42/42 16/48/48
f 16/48/48 12/36/36 8/24/24
f 14/42/42 2/6/6 10/30/30
o object_7
usemtl Capacitor
v 0.025 0.125 0.4305
v 0.025 0.75 0.4305
v 0.025 0.125 0.332
v 0.025 0.75 0.332
v 0.09455 0.125 0.5
v 0.09455 0.75 0.5
v 0.09455 0.125 0.2625
v 0.09455 0.75 0.2625
v 0.193 0.125 0.5
v 0.193 0.75 0.5
v 0.193 0.125 0.2625
v 0.193 0.75 0.2625
v 0.2625 0.125 0.4305
v 0.2625 0.75 0.4305
v 0.2625 0.125 0.332
v 0.2625 0.75 0.332
vt 0.08333 0
vt 0.08333 0
vt 0.6911 0.8536
vt 0.08333 1
vt 0.08333 1
vt 0.9756 0.8536
vt 0.6667 0
vt 0 0
vt 0.6667 0.5
vt 0.6667 1
vt 0 1
vt 1 0.5
vt 0.1667 0
vt 0.1667 0
vt 0.75 1
vt 0.1667 1
vt 0.1667 1
vt 0.9167 1
vt 0.5833 0
vt 0.5833 0
vt 0.6911 0.1464
vt 0.5833 1
vt 0.5833 1
vt 0.9756 0.1464
vt 0.25 0
vt 0.25 0
vt 0.8089 0.8536
vt 0.25 1
vt 0.25 1
vt 0.8577 0.8536
vt 0.5 0
vt 0.5 0
vt 0.75 0
vt 0.5 1
vt 0.5 1
vt 0.9167 0
vt 0.3333 0
vt 0.3333 0
vt 0.8333 0.5
vt 0.3333 1
vt 0.3333 1
vt 0.8333 0.5
vt 0.4167 0
vt 0.4167 0
vt 0.8089 0.1464
vt 0.4167 1
vt 0.4167 1
vt 0.8577 0.1464
vn -1 0 0
vn -0.7071 0 0.7071
vn 0 -1 0
vn -1 0 0
vn -0.7071 0 0.7071
vn 0 1 0
vn -0.7071 0 -0.7071
vn -1 0 0
vn 0 -1 0
vn -0.7071 0 -0.7071
vn -1 0 0
vn 0 1 0
vn -0.7071 0 0.7071
vn 0 0 1
vn 0 -1 0
vn -0.7071 0 0.7071
vn 0 0 1
vn 0 1 0
vn 0 0 -1
vn -0.7071 0 -0.7071
vn 0 -1 0
vn 0 0 -1
vn -0.7071 0 -0.7071
vn 0 1 0
vn 0.7071 0 0.7071
vn 0 0 1
vn 0 -1 0
vn 0.7071 0 0.7071
vn 0 0 1
vn 0 1 0
vn 0.7071 0 -0.7071
vn 0 0 -1
vn 0 -1 0
vn 0.7071 0 -0.7071
vn 0 0 -1
vn 0 1 0
vn 0.7071 0 0.7071
vn 1 0 0
vn 0 -1 0
vn 0.7071 0 0.7071
vn 1 0 0
vn 0 1 0
vn 1 0 0
vn 0.7071 0 -0.7071
vn 0 -1 0
vn 1 0 0
vn 0.7071 0 -0.7071
vn 0 1 0
f 25/73/73 29/85/85 30/88/88 26/76/76
f 29/86/86 31/91/91 32/94/94 30/89/89
f 31/92/92 27/79/79 28/82/82 32/95/95
f 27/80/80 23/67/67 24/70/70 28/83/83
f 23/68/68 19/55/55 20/58/58 24/71/71
f 19/56/56 17/49/49 18/52/52 20/59/59
f 17/50/50 21/61/61 22/64/64 18/53/53
f 21/62/62 25/74/74 26/77/77 22/65/65
f 31/93/93 17/51/51 23/69/69
f 17/51/51 19/57/57 23/69/69
f 25/75/75 21/63/63 17/51/51
f 17/51/51 31/93/93 29/87/87
f 31/93/93 23/69/69 27/81/81
f 29/87/87 25/75/75 17/51/51
f 32/96/96 24/72/72 18/54/54
f 18/54/54 24/72/72 20/60/60
f 26/78/78 18/54/54 22/66/66
f 18/54/54 30/90/90 32/96/96
f 32/96/96 28/84/84 24/72/72
f 30/90/90 18/54/54 26/78/78
o object_64
usemtl Capacitor
v 0.7375 0.125 0.193
v 0.7375 0.75 0.193
v 0.7375 0.125 0.0945
v 0.7375 0.75 0.0945
v 0.807 0.125 0.2625
v 0.807 0.75 0.2625
v 0.807 0.125 0.025
v 0.807 0.75 0.025
v 0.9055 0.125 0.2625
v 0.9055 0.75 0.2625
v 0.9055 0.125 0.025
v 0.9055 0.75 0.025
v 0.975 0.125 0.193
v 0.975 0.75 0.193
v 0.975 0.125 0.0945
v 0.975 0.75 0.0945
vt 0.08333 0
vt 0.08333 0
vt 0.6911 0.8536
vt 0.08333 1
vt 0.08333 1
vt 0.9756 0.8536
vt 0.6667 0
vt 0 0
vt 0.6667 0.5
vt 0.6667 1
vt 0 1
vt 1 0.5
vt 0.1667 0
vt 0.1667 0
vt 0.75 1
vt 0.1667 1
vt 0.1667 1
vt 0.9167 1
vt 0.5833 0
vt 0.5833 0
vt 0.6911 0.1464
vt 0.5833 1
vt 0.5833 1
vt 0.9756 0.1464
vt 0.25 0
vt 0.25 0
vt 0.8089 0.8536
vt 0.25 1
vt 0.25 1
vt 0.8577 0.8536
vt 0.5 0
vt 0.5 0
vt 0.75 0
vt 0.5 1
vt 0.5 1
vt 0.9167 0
vt 0.3333 0
vt 0.3333 0
vt 0.8333 0.5
vt 0.3333 1
vt 0.3333 1
vt 0.8333 0.5
vt 0.4167 0
vt 0.4167 0
vt 0.8089 0.1464
vt 0.4167 1
vt 0.4167 1
vt 0.8577 0.1464
vn -1 0 0
vn -0.7071 0 0.7071
vn 0 -1 0
vn -1 0 0
vn -0.7071 0 0.7071
vn 0 1 0
vn -0.7071 0 -0.7071
vn -1 0 0
vn 0 -1 0
vn -0.7071 0 -0.7071
vn -1 0 0
vn 0 1 0
vn -0.7071 0 0.7071
vn 0 0 1
vn 0 -1 0
vn -0.7071 0 0.7071
vn 0 0 1
vn 0 1 0
vn 0 0 -1
vn -0.7071 0 -0.7071
vn 0 -1 0
vn 0 0 -1
vn -0.7071 0 -0.7071
vn 0 1 0
vn 0.7071 0 0.7071
vn 0 0 1
vn 0 -1 0
vn 0.7071 0 0.7071
vn 0 0 1
vn 0 1 0
vn 0.7071 0 -0.7071
vn 0 0 -1
vn 0 -1 0
vn 0.7071 0 -0.7071
vn 0 0 -1
vn 0 1 0
vn 0.7071 0 0.7071
vn 1 0 0
vn 0 -1 0
vn 0.7071 0 0.7071
vn 1 0 0
vn 0 1 0
vn 1 0 0
vn 0.7071 0 -0.7071
vn 0 -1 0
vn 1 0 0
vn 0.7071 0 -0.7071
vn 0 1 0
f 41/121/121 45/133/133 46/136/136 42/124/124
f 45/134/134 47/139/139 48/142/142 46/137/137
f 47/140/140 43/127/127 44/130/130 48/143/143
f 43/128/128 39/115/115 40/118/118 44/131/131
f 39/116/116 35/103/103 36/106/106 40/119/119
f 35/104/104 33/97/97 34/100/100 36/107/107
f 33/98/98 37/109/109 38/112/112 34/101/101
f 37/110/110 41/122/122 42/125/125 38/113/113
f 47/141/141 33/99/99 39/117/117
f 33/99/99 35/105/105 39/117/117
f 41/123/123 37/111/111 33/99/99
f 33/99/99 47/141/141 45/135/135
f 47/141/141 39/117/117 43/129/129
f 45/135/135 41/123/123 33/99/99
f 48/144/144 40/120/120 34/102/102
f 34/102/102 40/120/120 36/108/108
f 42/126/126 34/102/102 38/114/114
f 34/102/102 46/138/138 48/144/144
f 48/144/144 44/132/132 40/120/120
f 46/138/138 34/102/102 42/126/126
o object_63
usemtl Terminal
v 0.8563 0.75 0.0765
v 0.8563 0.9 0.0765
v 0.873 0.75 0.05975
v 0.873 0.9 0.05975
v 0.9235 0.75 0.1437
v 0.9235 0.9 0.1437
v 0.9403 0.75 0.127
v 0.9403 0.9 0.127
vt 0 0
vt 1 0
vt 0 1
vt 0 0.8797
vt 1 0.8797
vt 0.6 0.8797
vt 0.9 0
vt 0.9 0
vt 0 0.8797
vt 0.9 0.8797
vt 0.9 0.8797
vt 0.6 1
vt 0.4 0
vt 0.4 0
vt 0.4 1
vt 0.4 0.8797
vt 0.4 0.8797
vt 1 0.8797
vt 0.5 0
vt 0.5 0
vt 0.4 0.8797
vt 0.5 0.8797
vt 0.5 0.8797
vt 1 1
vn -0.7071 0 0.7071
vn -0.7071 0 -0.7071
vn 0 -1 0
vn -0.7071 0 0.7071
vn -0.7071 0 -0.7071
vn 0 1 0
vn 0.7071 0 -0.7071
vn -0.7071 0 -0.7071
vn 0 -1 0
vn 0.7071 0 -0.7071
vn -0.7071 0 -0.7071
vn 0 1 0
vn -0.7071 0 0.7071
vn 0.7071 0 0.7071
vn 0 -1 0
vn -0.7071 0 0.7071
vn 0.7071 0 0.7071
vn 0 1 0
vn 0.7071 0 0.7071
vn 0.7071 0 -0.7071
vn 0 -1 0
vn 0.7071 0 0.7071
vn 0.7071 0 -0.7071
vn 0 1 0
f 49/145/145 53/157/157 54/160/160 50/148/148
f 53/158/158 55/163/163 56/166/166 54/161/161
f 55/164/164 51/151/151 52/154/154 56/167/167
f 51/152/152 49/146/146 50/149/149 52/155/155
f 53/159/159 49/147/147 51/153/153
f 51/153/153 55/165/165 53/159/159
f 54/162/162 52/156/156 50/150/150
f 52/156/156 54/162/162 56/168/168
o object_62
usemtl Terminal
v 0.7723 0.75 0.1605
v 0.7723 0.9 0.1605
v 0.789 0.75 0.1437
v 0.789 0.9 0.1437
v 0.8395 0.75 0.2277
v 0.8395 0.9 0.2277
v 0.8563 0.75 0.211
v 0.8563 0.9 0.211
vt 0 0
vt 1 0
vt 0 1
vt 0 0.8797
vt 1 0.8797
vt 0.6 0.8797
vt 0.9 0
vt 0.9 0
vt 0 0.8797
vt 0.9 0.8797
vt 0.9 0.8797
vt 0.6 1
vt 0.4 0
vt 0.4 0
vt 0.4 1
vt 0.4 0.8797
vt 0.4 0.8797
vt 1 0.8797
vt 0.5 0
vt 0.5 0
vt 0.4 0.8797
vt 0.5 0.8797
vt 0.5 0.8797
vt 1 1
vn -0.7071 0 0.7071
vn -0.7071 0 -0.7071
vn 0 -1 0
vn -0.7071 0 0.7071
vn -0.7071 0 -0.7071
vn 0 1 0
vn 0.7071 0 -0.7071
vn -0.7071 0 -0.7071
vn 0 -1 0
vn 0.7071 0 -0.7071
vn -0.7071 0 -0.7071
vn 0 1 0
vn -0.7071 0 0.7071
vn 0.7071 0 0.7071
vn 0 -1 0
vn -0.7071 0 0.7071
vn 0.7071 0 0.7071
vn 0 1 0
vn 0.7071 0 0.7071
vn 0.7071 0 -0.7071
vn 0 -1 0
vn 0.7071 0 0.7071
vn 0.7071 0 -0.7071
vn 0 1 0
f 57/169/169 61/181/181 62/184/184 58/172/172
f 61/182/182 63/187/187 64/190/190 62/185/185
f 63/188/188 59/175/175 60/178/178 64/191/191
f 59/176/176 57/170/170 58/173/173 60/179/179
f 61/183/183 57/171/171 59/177/177
f 59/177/177 63/189/189 61/183/183
f 62/186/186 60/180/180 58/174/174
f 60/180/180 62/186/186 64/192/192
o object_61
usemtl Terminal
v 0.6188 0.75 0.0765
v 0.6188 0.9 0.0765
v 0.6355 0.75 0.05975
v 0.6355 0.9 0.05975
v 0.686 0.75 0.1437
v 0.686 0.9 0.1437
v 0.7027 0.75 0.127
v 0.7027 0.9 0.127
vt 0 0
vt 1 0
vt 0 1
vt 0 0.8797
vt 1 0.8797
vt 0.6 0.8797
vt 0.9 0
vt 0.9 0
vt 0 0.8797
vt 0.9 0.8797
vt 0.9 0.8797
vt 0.6 1
vt 0.4 0
vt 0.4 0
vt 0.4 1
vt 0.4 0.8797
vt 0.4 0.8797
vt 1 0.8797
vt 0.5 0
vt 0.5 0
vt 0.4 0.8797
vt 0.5 0.8797
vt 0.5 0.8797
vt 1 1
vn -0.7071 0 0.7071
vn -0.7071 0 -0.7071
vn 0 -1 0
vn -0.7071 0 0.7071
vn -0.7071 0 -0.7071
vn 0 1 0
vn 0.7071 0 -0.7071
vn -0.7071 0 -0.7071
vn 0 -1 0
vn 0.7071 0 -0.7071
vn -0.7071 0 -0.7071
vn 0 1 0
vn -0.7071 0 0.7071
vn 0.7071 0 0.7071
vn 0 -1 0
vn -0.7071 0 0.7071
vn 0.7071 0 0.7071
vn 0 1 0
vn 0.7071 0 0.7071
vn 0.7071 0 -0.7071
vn 0 -1 0
vn 0.7071 0 0.7071
vn 0.7071 0 -0.7071
vn 0 1 0
f 65/193/193 69/205/205 70/208/208 66/196/196
f 69/206/206 71/211/211 72/214/214 70/209/209
f 71/212/212 67/199/199 68/202/202 72/215/215
f 67/200/200 65/194/194 66/197/197 68/203/203
f 69/207/207 65/195/195 67/201/201
f 67/201/201 71/213/213 69/207/207
f 70/210/210 68/204/204 66/198/198
f 68/204/204 70/210/210 72/216/216
o object_60
usemtl Terminal
v 0.5348 0.75 0.1605
v 0.5348 0.9 0.1605
v 0.5515 0.75 0.1437
v 0.5515 0.9 0.1437
v 0.602 0.75 0.2277
v 0.602 0.9 0.2277
v 0.6188 0.75 0.211
v 0.6188 0.9 0.211
vt 0 0
vt 1 0
vt 0 1
vt 0 0.8797
vt 1 0.8797
vt 0.6 0.8797
vt 0.9 0
vt 0.9 0
vt 0 0.8797
vt 0.9 0.8797
vt 0.9 0.8797
vt 0.6 1
vt 0.4 0
vt 0.4 0
vt 0.4 1
vt 0.4 0.8797
vt 0.4 0.8797
vt 1 0.8797
vt 0.5 0
vt 0.5 0
vt 0.4 0.8797
vt 0.5 0.8797
vt 0.5 0.8797
vt 1 1
vn -0.7071 0 0.7071
vn -0.7071 0 -0.7071
vn 0 -1 0
vn -0.7071 0 0.7071
vn -0.7071 0 -0.7071
vn 0 1 0
vn 0.7071 0 -0.7071
vn -0.7071 0 -0.7071
vn 0 -1 0
vn 0.7071 0 -0.7071
vn -0.7071 0 -0.7071
vn 0 1 0
vn -0.7071 0 0.7071
vn 0.7071 0 0.7071
vn 0 -1 0
vn -0.7071 0 0.7071
vn 0.7071 0 0.7071
vn 0 1 0
vn 0.7071 0 0.7071
vn 0.7071 0 -0.7071
vn 0 -1 0
vn 0.7071 0 0.7071
vn 0.7071 0 -0.7071
vn 0 1 0
f 73/217/217 77/229/229 78/232/232 74/220/220
f 77/230/230 79/235/235 80/238/238 78/233/233
f 79/236/236 75/223/223 76/226/226 80/239/239
f 75/224/224 73/218/218 74/221/221 76/227/227
f 77/231/231 73/219/219 75/225/225
f 75/225/225 79/237/237 77/231/231
f 78/234/234 76/228/228 74/222/222
f 76/228/228 78/234/234 80/240/240
o object_6
usemtl Capacitor
v 0.2625 0.125 0.4305
v 0.2625 0.75 0.4305
v 0.2625 0.125 0.332
v 0.2625 0.75 0.332
v 0.332 0.125 0.5
v 0.332 0.75 0.5
v 0.332 0.125 0.2625
v 0.332 0.75 0.2625
v 0.4305 0.125 0.5
v 0.4305 0.75 0.5
v 0.4305 0.125 0.2625
v 0.4305 0.75 0.2625
v 0.5 0.125 0.4305
v 0.5 0.75 0.4305
v 0.5 0.125 0.332
v 0.5 0.75 0.332
vt 0.08333 0
vt 0.08333 0
vt 0.6911 0.8536
vt 0.08333 1
vt 0.08333 1
vt 0.9756 0.8536
vt 0.6667 0
vt 0 0
vt 0.6667 0.5
vt 0.6667 1
vt 0 1
vt 1 0.5
vt 0.1667 0
vt 0.1667 0
vt 0.75 1
vt 0.1667 1
vt 0.1667 1
vt 0.9167 1
vt 0.5833 0
vt 0.5833 0
vt 0.6911 0.1464
vt 0.5833 1
vt 0.5833 1
vt 0.9756 0.1464
vt 0.25 0
vt 0.25 0
vt 0.8089 0.8536
vt 0.25 1
vt 0.25 1
vt 0.8577 0.8536
vt 0.5 0
vt 0.5 0
vt 0.75 0
vt 0.5 1
vt 0.5 1
vt 0.9167 0
vt 0.3333 0
vt 0.3333 0
vt 0.8333 0.5
vt 0.3333 1
vt 0.3333 1
vt 0.8333 0.5
vt 0.4167 0
vt 0.4167 0
vt 0.8089 0.1464
vt 0.4167 1
vt 0.4167 1
vt 0.8577 0.1464
vn -1 0 0
vn -0.7071 0 0.7071
vn 0 -1 0
vn -1 0 0
vn -0.7071 0 0.7071
vn 0 1 0
vn -0.7071 0 -0.7071
vn -1 0 0
vn 0 -1 0
vn -0.7071 0 -0.7071
vn -1 0 0
vn 0 1 0
vn -0.7071 0 0.7071
vn 0 0 1
vn 0 -1 0
vn -0.7071 0 0.7071
vn 0 0 1
vn 0 1 0
vn 0 0 -1
vn -0.7071 0 -0.7071
vn 0 -1 0
vn 0 0 -1
vn -0.7071 0 -0.7071
vn 0 1 0
vn 0.7071 0 0.7071
vn 0 0 1
vn 0 -1 0
vn 0.7071 0 0.7071
vn 0 0 1
vn 0 1 0
vn 0.7071 0 -0.7071
vn 0 0 -1
vn 0 -1 0
vn 0.7071 0 -0.7071
vn 0 0 -1
vn 0 1 0
vn 0.7071 0 0.7071
vn 1 0 0
vn 0 -1 0
vn 0.7071 0 0.7071
vn 1 0 0
vn 0 1 0
vn 1 0 0
vn 0.7071 0 -0.7071
vn 0 -1 0
vn 1 0 0
vn 0.7071 0 -0.7071
vn 0 1 0
f 89/265/265 93/277/277 94/280/280 90/268/268
f 93/278/278 95/283/283 96/286/286 94/281/281
f 95/284/284 91/271/271 92/274/274 96/287/287
f 91/272/272 87/259/259 88/262/262 92/275/275
f 87/260/260 83/247/247 84/250/250 88/263/263
f 83/248/248 81/241/241 82/244/244 84/251/251
f 81/242/242 85/253/253 86/256/256 82/245/245
f 85/254/254 89/266/266 90/269/269 86/257/257
f 95/285/285 81/243/243 87/261/261
f 81/243/243 83/249/249 87/261/261
f 89/267/267 85/255/255 81/243/243
f 81/243/243 95/285/285 93/279/279
f 95/285/285 87/261/261 91/273/273
f 93/279/279 89/267/267 81/243/243
f 96/288/288 88/264/264 82/246/246
f 82/246/246 88/264/264 84/252/252
f 90/270/270 82/246/246 86/258/258
f 82/246/246 94/282/282 96/288/288
f 96/288/288 92/276/276 88/264/264
f 94/282/282 82/246/246 90/270/270
o object_59
usemtl Terminal
v 0.3813 0.75 0.0765
v 0.3813 0.9 0.0765
v 0.398 0.75 0.05975
v 0.398 0.9 0.05975
v 0.4485 0.75 0.1437
v 0.4485 0.9 0.1437
v 0.4653 0.75 0.127
v 0.4653 0.9 0.127
vt 0 0
vt 1 0
vt 0 1
vt 0 0.8797
vt 1 0.8797
vt 0.6 0.8797
vt 0.9 0
vt 0.9 0
vt 0 0.8797
vt 0.9 0.8797
vt 0.9 0.8797
vt 0.6 1
vt 0.4 0
vt 0.4 0
vt 0.4 1
vt 0.4 0.8797
vt 0.4 0.8797
vt 1 0.8797
vt 0.5 0
vt 0.5 0
vt 0.4 0.8797
vt 0.5 0.8797
vt 0.5 0.8797
vt 1 1
vn -0.7071 0 0.7071
vn -0.7071 0 -0.7071
vn 0 -1 0
vn -0.7071 0 0.7071
vn -0.7071 0 -0.7071
vn 0 1 0
vn 0.7071 0 -0.7071
vn -0.7071 0 -0.7071
vn 0 -1 0
vn 0.7071 0 -0.7071
vn -0.7071 0 -0.7071
vn 0 1 0
vn -0.7071 0 0.7071
vn 0.7071 0 0.7071
vn 0 -1 0
vn -0.7071 0 0.7071
vn 0.7071 0 0.7071
vn 0 1 0
vn 0.7071 0 0.7071
vn 0.7071 0 -0.7071
vn 0 -1 0
vn 0.7071 0 0.7071
vn 0.7071 0 -0.7071
vn 0 1 0
f 97/289/289 101/301/301 102/304/304 98/292/292
f 101/302/302 103/307/307 104/310/310 102/305/305
f 103/308/308 99/295/295 100/298/298 104/311/311
f 99/296/296 97/290/290 98/293/293 100/299/299
f 101/303/303 97/291/291 99/297/297
f 99/297/297 103/309/309 101/303/303
f 102/306/306 100/300/300 98/294/294
f 100/300/300 102/306/306 104/312/312
o object_58
usemtl Terminal
v 0.2973 0.75 0.1605
v 0.2973 0.9 0.1605
v 0.314 0.75 0.1437
v 0.314 0.9 0.1437
v 0.3645 0.75 0.2277
v 0.3645 0.9 0.2277
v 0.3813 0.75 0.211
v 0.3813 0.9 0.211
vt 0 0
vt 1 0
vt 0 1
vt 0 0.8797
vt 1 0.8797
vt 0.6 0.8797
vt 0.9 0
vt 0.9 0
vt 0 0.8797
vt 0.9 0.8797
vt 0.9 0.8797
vt 0.6 1
vt 0.4 0
vt 0.4 0
vt 0.4 1
vt 0.4 0.8797
vt 0.4 0.8797
vt 1 0.8797
vt 0.5 0
vt 0.5 0
vt 0.4 0.8797
vt 0.5 0.8797
vt 0.5 0.8797
vt 1 1
vn -0.7071 0 0.7071
vn -0.7071 0 -0.7071
vn 0 -1 0
vn -0.7071 0 0.7071
vn -0.7071 0 -0.7071
vn 0 1 0
vn 0.7071 0 -0.7071
vn -0.7071 0 -0.7071
vn 0 -1 0
vn 0.7071 0 -0.7071
vn -0.7071 0 -0.7071
vn 0 1 0
vn -0.7071 0 0.7071
vn 0.7071 0 0.7071
vn 0 -1 0
vn -0.7071 0 0.7071
vn 0.7071 0 0.7071
vn 0 1 0
vn 0.7071 0 0.7071
vn 0.7071 0 -0.7071
vn 0 -1 0
vn 0.7071 0 0.7071
vn 0.7071 0 -0.7071
vn 0 1 0
f 105/313/313 109/325/325 110/328/328 106/316/316
f 109/326/326 111/331/331 112/334/334 110/329/329
f 111/332/332 107/319/319 108/322/322 112/335/335
f 107/320/320 105/314/314 106/317/317 108/323/323
f 109/327/327 105/315/315 107/321/321
f 107/321/321 111/333/333 109/327/327
f 110/330/330 108/324/324 106/318/318
f 108/324/324 110/330/330 112/336/336
o object_57
usemtl Terminal
v 0.1438 0.75 0.0765
v 0.1438 0.9 0.0765
v 0.1606 0.75 0.05975
v 0.1606 0.9 0.05975
v 0.2109 0.75 0.1437
v 0.2109 0.9 0.1437
v 0.2277 0.75 0.127
v 0.2277 0.9 0.127
vt 0 0
vt 1 0
vt 0 1
vt 0 0.8797
vt 1 0.8797
vt 0.6 0.8797
vt 0.9 0
vt 0.9 0
vt 0 0.8797
vt 0.9 0.8797
vt 0.9 0.8797
vt 0.6 1
vt 0.4 0
vt 0.4 0
vt 0.4 1
vt 0.4 0.8797
vt 0.4 0.8797
vt 1 0.8797
vt 0.5 0
vt 0.5 0
vt 0.4 0.8797
vt 0.5 0.8797
vt 0.5 0.8797
vt 1 1
vn -0.7071 0 0.7071
vn -0.7071 0 -0.7071
vn 0 -1 0
vn -0.7071 0 0.7071
vn -0.7071 0 -0.7071
vn 0 1 0
vn 0.7071 0 -0.7071
vn -0.7071 0 -0.7071
vn 0 -1 0
vn 0.7071 0 -0.7071
vn -0.7071 0 -0.7071
vn 0 1 0
vn -0.7071 0 0.7071
vn 0.7071 0 0.7071
vn 0 -1 0
vn -0.7071 0 0.7071
vn 0.7071 0 0.7071
vn 0 1 0
vn 0.7071 0 0.7071
vn 0.7071 0 -0.7071
vn 0 -1 0
vn 0.7071 0 0.7071
vn 0.7071 0 -0.7071
vn 0 1 0
f 113/337/337 117/349/349 118/352/352 114/340/340
f 117/350/350 119/355/355 120/358/358 118/353/353
f 119/356/356 115/343/343 116/346/346 120/359/359
f 115/344/344 113/338/338 114/341/341 116/347/347
f 117/351/351 113/339/339 115/345/345
f 115/345/345 119/357/357 117/351/351
f 118/354/354 116/348/348 114/342/342
f 116/348/348 118/354/354 120/360/360
o object_56
usemtl Terminal
v 0.05978 0.75 0.1605
v 0.05978 0.9 0.1605
v 0.07658 0.75 0.1437
v 0.07658 0.9 0.1437
v 0.127 0.75 0.2277
v 0.127 0.9 0.2277
v 0.1438 0.75 0.211
v 0.1438 0.9 0.211
vt 0 0
vt 1 0
vt 0 1
vt 0 0.8797
vt 1 0.8797
vt 0.6 0.8797
vt 0.9 0
vt 0.9 0
vt 0 0.8797
vt 0.9 0.8797
vt 0.9 0.8797
vt 0.6 1
vt 0.4 0
vt 0.4 0
vt 0.4 1
vt 0.4 0.8797
vt 0.4 0.8797
vt 1 0.8797
vt 0.5 0
vt 0.5 0
vt 0.4 0.8797
vt 0.5 0.8797
vt 0.5 0.8797
vt 1 1
vn -0.7071 0 0.7071
vn -0.7071 0 -0.7071
vn 0 -1 0
vn -0.7071 0 0.7071
vn -0.7071 0 -0.7071
vn 0 1 0
vn 0.7071 0 -0.7071
vn -0.7071 0 -0.7071
vn 0 -1 0
vn 0.7071 0 -0.7071
vn -0.7071 0 -0.7071
vn 0 1 0
vn -0.7071 0 0.7071
vn 0.7071 0 0.7071
vn 0 -1 0
vn -0.7071 0 0.7071
vn 0.7071 0 0.7071
vn 0 1 0
vn 0.7071 0 0.7071
vn 0.7071 0 -0.7071
vn 0 -1 0
vn 0.7071 0 0.7071
vn 0.7071 0 -0.7071
vn 0 1 0
f 121/361/361 125/373/373 126/376/376 122/364/364
f 125/374/374 127/379/379 128/382/382 126/377/377
f 127/380/380 123/367/367 124/370/370 128/383/383
f 123/368/368 121/362/362 122/365/365 124/371/371
f 125/375/375 121/363/363 123/369/369
f 123/369/369 127/381/381 125/375/375
f 126/378/378 124/372/372 122/366/366
f 124/372/372 126/378/378 128/384/384
o object_55
usemtl Terminal
v 0.8563 0.75 0.314
v 0.8563 0.9 0.314
v 0.873 0.75 0.2973
v 0.873 0.9 0.2973
v 0.9235 0.75 0.3812
v 0.9235 0.9 0.3812
v 0.9403 0.75 0.3645
v 0.9403 0.9 0.3645
vt 0 0
vt 1 0
vt 0 1
vt 0 0.8797
vt 1 0.8797
vt 0.6 0.8797
vt 0.9 0
vt 0.9 0
vt 0 0.8797
vt 0.9 0.8797
vt 0.9 0.8797
vt 0.6 1
vt 0.4 0
vt 0.4 0
vt 0.4 1
vt 0.4 0.8797
vt 0.4 0.8797
vt 1 0.8797
vt 0.5 0
vt 0.5 0
vt 0.4 0.8797
vt 0.5 0.8797
vt 0.5 0.8797
vt 1 1
vn -0.7071 0 0.7071
vn -0.7071 0 -0.7071
vn 0 -1 0
vn -0.7071 0 0.7071
vn -0.7071 0 -0.7071
vn 0 1 0
vn 0.7071 0 -0.7071
vn -0.7071 0 -0.7071
vn 0 -1 0
vn 0.7071 0 -0.7071
vn -0.7071 0 -0.7071
vn 0 1 0
vn -0.7071 0 0.7071
vn 0.7071 0 0.7071
vn 0 -1 0
vn -0.7071 0 0.7071
vn 0.7071 0 0.7071
vn 0 1 0
vn 0.7071 0 0.7071
vn 0.7071 0 -0.7071
vn 0 -1 0
vn 0.7071 0 0.7071
vn 0.7071 0 -0.7071
vn 0 1 0
f 129/385/385 133/397/397 134/400/400 130/388/388
f 133/398/398 135/403/403 136/406/406 134/401/401
f 135/404/404 131/391/391 132/394/394 136/407/407
f 131/392/392 129/386/386 130/389/389 132/395/395
f 133/399/399 129/387/387 131/393/393
f 131/393/393 135/405/405 133/399/399
f 134/402/402 132/396/396 130/390/390
f 132/396/396 134/402/402 136/408/408
o object_54
usemtl Terminal
v 0.7723 0.75 0.398
v 0.7723 0.9 0.398
v 0.789 0.75 0.3812
v 0.789 0.9 0.3812
v 0.8395 0.75 0.4652
v 0.8395 0.9 0.4652
v 0.8563 0.75 0.4485
v 0.8563 0.9 0.4485
vt 0 0
vt 1 0
vt 0 1
vt 0 0.8797
vt 1 0.8797
vt 0.6 0.8797
vt 0.9 0
vt 0.9 0
vt 0 0.8797
vt 0.9 0.8797
vt 0.9 0.8797
vt 0.6 1
vt 0.4 0
vt 0.4 0
vt 0.4 1
vt 0.4 0.8797
vt 0.4 0.8797
vt 1 0.8797
vt 0.5 0
vt 0.5 0
vt 0.4 0.8797
vt 0.5 0.8797
vt 0.5 0.8797
vt 1 1
vn -0.7071 0 0.7071
vn -0.7071 0 -0.7071
vn 0 -1 0
vn -0.7071 0 0.7071
vn -0.7071 0 -0.7071
vn 0 1 0
vn 0.7071 0 -0.7071
vn -0.7071 0 -0.7071
vn 0 -1 0
vn 0.7071 0 -0.7071
vn -0.7071 0 -0.7071
vn 0 1 0
vn -0.7071 0 0.7071
vn 0.7071 0 0.7071
vn 0 -1 0
vn -0.7071 0 0.7071
vn 0.7071 0 0.7071
vn 0 1 0
vn 0.7071 0 0.7071
vn 0.7071 0 -0.7071
vn 0 -1 0
vn 0.7071 0 0.7071
vn 0.7071 0 -0.7071
vn 0 1 0
f 137/409/409 141/421/421 142/424/424 138/412/412
f 141/422/422 143/427/427 144/430/430 142/425/425
f 143/428/428 139/415/415 140/418/418 144/431/431
f 139/416/416 137/410/410 138/413/413 140/419/419
f 141/423/423 137/411/411 139/417/417
f 139/417/417 143/429/429 141/423/423
f 142/426/426 140/420/420 138/414/414
f 140/420/420 142/426/426 144/432/432
o object_53
usemtl Terminal
v 0.6188 0.75 0.314
v 0.6188 0.9 0.314
v 0.6355 0.75 0.2973
v 0.6355 0.9 0.2973
v 0.686 0.75 0.3812
v 0.686 0.9 0.3812
v 0.7027 0.75 0.3645
v 0.7027 0.9 0.3645
vt 0 0
vt 1 0
vt 0 1
vt 0 0.8797
vt 1 0.8797
vt 0.6 0.8797
vt 0.9 0
vt 0.9 0
vt 0 0.8797
vt 0.9 0.8797
vt 0.9 0.8797
vt 0.6 1
vt 0.4 0
vt 0.4 0
vt 0.4 1
vt 0.4 0.8797
vt 0.4 0.8797
vt 1 0.8797
vt 0.5 0
vt 0.5 0
vt 0.4 0.8797
vt 0.5 0.8797
vt 0.5 0.8797
vt 1 1
vn -0.7071 0 0.7071
vn -0.7071 0 -0.7071
vn 0 -1 0
vn -0.7071 0 0.7071
vn -0.7071 0 -0.7071
vn 0 1 0
vn 0.7071 0 -0.7071
vn -0.7071 0 -0.7071
vn 0 -1 0
vn 0.7071 0 -0.7071
vn -0.7071 0 -0.7071
vn 0 1 0
vn -0.7071 0 0.7071
vn 0.7071 0 0.7071
vn 0 -1 0
vn -0.7071 0 0.7071
vn 0.7071 0 0.7071
vn 0 1 0
vn 0.7071 0 0.7071
vn 0.7071 0 -0.7071
vn 0 -1 0
vn 0.7071 0 0.7071
vn 0.7071 0 -0.7071
vn 0 1 0
f 145/433/433 149/445/445 150/448/448 146/436/436
f 149/446/446 151/451/451 152/454/454 150/449/449
f 151/452/452 147/439/439 148/442/442 152/455/455
f 147/440/440 145/434/434 146/437/437 148/443/443
f 149/447/447 145/435/435 147/441/441
f 147/441/441 151/453/453 149/447/447
f 150/450/450 148/444/444 146/438/438
f 148/444/444 150/450/450 152/456/456
o object_52
usemtl Terminal
v 0.5348 0.75 0.398
v 0.5348 0.9 0.398
v 0.5515 0.75 0.3812
v 0.5515 0.9 0.3812
v 0.602 0.75 0.4652
v 0.602 0.9 0.4652
v 0.6188 0.75 0.4485
v 0.6188 0.9 0.4485
vt 0 0
vt 1 0
vt 0 1
vt 0 0.8797
vt 1 0.8797
vt 0.6 0.8797
vt 0.9 0
vt 0.9 0
vt 0 0.8797
vt 0.9 0.8797
vt 0.9 0.8797
vt 0.6 1
vt 0.4 0
vt 0.4 0
vt 0.4 1
vt 0.4 0.8797
vt 0.4 0.8797
vt 1 0.8797
vt 0.5 0
vt 0.5 0
vt 0.4 0.8797
vt 0.5 0.8797
vt 0.5 0.8797
vt 1 1
vn -0.7071 0 0.7071
vn -0.7071 0 -0.7071
vn 0 -1 0
vn -0.7071 0 0.7071
vn -0.7071 0 -0.7071
vn 0 1 0
vn 0.7071 0 -0.7071
vn -0.7071 0 -0.7071
vn 0 -1 0
vn 0.7071 0 -0.7071
vn -0.7071 0 -0.7071
vn 0 1 0
vn -0.7071 0 0.7071
vn 0.7071 0 0.7071
vn 0 -1 0
vn -0.7071 0 0.7071
vn 0.7071 0 0.7071
vn 0 1 0
vn 0.7071 0 0.7071
vn 0.7071 0 -0.7071
vn 0 -1 0
vn 0.7071 0 0.7071
vn 0.7071 0 -0.7071
vn 0 1 0
f 153/457/457 157/469/469 158/472/472 154/460/460
f 157/470/470 159/475/475 160/478/478 158/473/473
f 159/476/476 155/463/463 156/466/466 160/479/479
f 155/464/464 153/458/458 154/461/461 156/467/467
f 157/471/471 153/459/459 155/465/465
f 155/465/465 159/477/477 157/471/471
f 158/474/474 156/468/468 154/462/462
f 156/468/468 158/474/474 160/480/480
o object_51
usemtl Terminal
v 0.3813 0.75 0.314
v 0.3813 0.9 0.314
v 0.398 0.75 0.2973
v 0.398 0.9 0.2973
v 0.4485 0.75 0.3812
v 0.4485 0.9 0.3812
v 0.4653 0.75 0.3645
v 0.4653 0.9 0.3645
vt 0 0
vt 1 0
vt 0 1
vt 0 0.8797
vt 1 0.8797
vt 0.6 0.8797
vt 0.9 0
vt 0.9 0
vt 0 0.8797
vt 0.9 0.8797
vt 0.9 0.8797
vt 0.6 1
vt 0.4 0
vt 0.4 0
vt 0.4 1
vt 0.4 0.8797
vt 0.4 0.8797
vt 1 0.8797
vt 0.5 0
vt 0.5 0
vt 0.4 0.8797
vt 0.5 0.8797
vt 0.5 0.8797
vt 1 1
vn -0.7071 0 0.7071
vn -0.7071 0 -0.7071
vn 0 -1 0
vn -0.7071 0 0.7071
vn -0.7071 0 -0.7071
vn 0 1 0
vn 0.7071 0 -0.7071
vn -0.7071 0 -0.7071
vn 0 -1 0
vn 0.7071 0 -0.7071
vn -0.7071 0 -0.7071
vn 0 1 0
vn -0.7071 0 0.7071
vn 0.7071 0 0.7071
vn 0 -1 0
vn -0.7071 0 0.7071
vn 0.7071 0 0.7071
vn 0 1 0
vn 0.7071 0 0.7071
vn 0.7071 0 -0.7071
vn 0 -1 0
vn 0.7071 0 0.7071
vn 0.7071 0 -0.7071
vn 0 1 0
f 161/481/481 165/493/493 166/496/496 162/484/484
f 165/494/494 167/499/499 168/502/502 166/497/497
f 167/500/500 163/487/487 164/490/490 168/503/503
f 163/488/488 161/482/482 162/485/485 164/491/491
f 165/495/495 161/483/483 163/489/489
f 163/489/489 167/501/501 165/495/495
f 166/498/498 164/492/492 162/486/486
f 164/492/492 166/498/498 168/504/504
o object_50
usemtl Terminal
v 0.2973 0.75 0.398
v 0.2973 0.9 0.398
v 0.314 0.75 0.3812
v 0.314 0.9 0.3812
v 0.3645 0.75 0.4652
v 0.3645 0.9 0.4652
v 0.3813 0.75 0.4485
v 0.3813 0.9 0.4485
vt 0 0
vt 1 0
vt 0 1
vt 0 0.8797
vt 1 0.8797
vt 0.6 0.8797
vt 0.9 0
vt 0.9 0
vt 0 0.8797
vt 0.9 0.8797
vt 0.9 0.8797
vt 0.6 1
vt 0.4 0
vt 0.4 0
vt 0.4 1
vt 0.4 0.8797
vt 0.4 0.8797
vt 1 0.8797
vt 0.5 0
vt 0.5 0
vt 0.4 0.8797
vt 0.5 0.8797
vt 0.5 0.8797
vt 1 1
vn -0.7071 0 0.7071
vn -0.7071 0 -0.7071
vn 0 -1 0
vn -0.7071 0 0.7071
vn -0.7071 0 -0.7071
vn 0 1 0
vn 0.7071 0 -0.7071
vn -0.7071 0 -0.7071
vn 0 -1 0
vn 0.7071 0 -0.7071
vn -0.7071 0 -0.7071
vn 0 1 0
vn -0.7071 0 0.7071
vn 0.7071 0 0.7071
vn 0 -1 0
vn -0.7071 0 0.7071
vn 0.7071 0 0.7071
vn 0 1 0
vn 0.7071 0 0.7071
vn 0.7071 0 -0.7071
vn 0 -1 0
vn 0.7071 0 0.7071
vn 0.7071 0 -0.7071
vn 0 1 0
f 169/505/505 173/517/517 174/520/520 170/508/508
f 173/518/518 175/523/523 176/526/526 174/521/521
f 175/524/524 171/511/511 172/514/514 176/527/527
f 171/512/512 169/506/506 170/509/509 172/515/515
f 173/519/519 169/507/507 171/513/513
f 171/513/513 175/525/525 173/519/519
f 174/522/522 172/516/516 170/510/510
f 172/516/516 174/522/522 176/528/528
o object_5
usemtl Capacitor
v 0.5 0.125 0.4305
v 0.5 0.75 0.4305
v 0.5 0.125 0.332
v 0.5 0.75 0.332
v 0.5695 0.125 0.5
v 0.5695 0.75 0.5
v 0.5695 0.125 0.2625
v 0.5695 0.75 0.2625
v 0.668 0.125 0.5
v 0.668 0.75 0.5
v 0.668 0.125 0.2625
v 0.668 0.75 0.2625
v 0.7375 0.125 0.4305
v 0.7375 0.75 0.4305
v 0.7375 0.125 0.332
v 0.7375 0.75 0.332
vt 0.08333 0
vt 0.08333 0
vt 0.6911 0.8536
vt 0.08333 1
vt 0.08333 1
vt 0.9756 0.8536
vt 0.6667 0
vt 0 0
vt 0.6667 0.5
vt 0.6667 1
vt 0 1
vt 1 0.5
vt 0.1667 0
vt 0.1667 0
vt 0.75 1
vt 0.1667 1
vt 0.1667 1
vt 0.9167 1
vt 0.5833 0
vt 0.5833 0
vt 0.6911 0.1464
vt 0.5833 1
vt 0.5833 1
vt 0.9756 0.1464
vt 0.25 0
vt 0.25 0
vt 0.8089 0.8536
vt 0.25 1
vt 0.25 1
vt 0.8577 0.8536
vt 0.5 0
vt 0.5 0
vt 0.75 0
vt 0.5 1
vt 0.5 1
vt 0.9167 0
vt 0.3333 0
vt 0.3333 0
vt 0.8333 0.5
vt 0.3333 1
vt 0.3333 1
vt 0.8333 0.5
vt 0.4167 0
vt 0.4167 0
vt 0.8089 0.1464
vt 0.4167 1
vt 0.4167 1
vt 0.8577 0.1464
vn -1 0 0
vn -0.7071 0 0.7071
vn 0 -1 0
vn -1 0 0
vn -0.7071 0 0.7071
vn 0 1 0
vn -0.7071 0 -0.7071
vn -1 0 0
vn 0 -1 0
vn -0.7071 0 -0.7071
vn -1 0 0
vn 0 1 0
vn -0.7071 0 0.7071
vn 0 0 1
vn 0 -1 0
vn -0.7071 0 0.7071
vn 0 0 1
vn 0 1 0
vn 0 0 -1
vn -0.7071 0 -0.7071
vn 0 -1 0
vn 0 0 -1
vn -0.7071 0 -0.7071
vn 0 1 0
vn 0.7071 0 0.7071
vn 0 0 1
vn 0 -1 0
vn 0.7071 0 0.7071
vn 0 0 1
vn 0 1 0
vn 0.7071 0 -0.7071
vn 0 0 -1
vn 0 -1 0
vn 0.7071 0 -0.7071
vn 0 0 -1
vn 0 1 0
vn 0.7071 0 0.7071
vn 1 0 0
vn 0 -1 0
vn 0.7071 0 0.7071
vn 1 0 0
vn 0 1 0
vn 1 0 0
vn 0.7071 0 -0.7071
vn 0 -1 0
vn 1 0 0
vn 0.7071 0 -0.7071
vn 0 1 0
f 185/553/553 189/565/565 190/568/568 186/556/556
f 189/566/566 191/571/571 192/574/574 190/569/569
f 191/572/572 187/559/559 188/562/562 192/575/575
f 187/560/560 183/547/547 184/550/550 188/563/563
f 183/548/548 179/535/535 180/538/538 184/551/551
f 179/536/536 177/529/529 178/532/532 180/539/539
f 177/530/530 181/541/541 182/544/544 178/533/533
f 181/542/542 185/554/554 186/557/557 182/545/545
f 191/573/573 177/531/531 183/549/549
f 177/531/531 179/537/537 183/549/549
f 185/555/555 181/543/543 177/531/531
f 177/531/531 191/573/573 189/567/567
f 191/573/573 183/549/549 187/561/561
f 189/567/567 185/555/555 177/531/531
f 192/576/576 184/552/552 178/534/534
f 178/534/534 184/552/552 180/540/540
f 186/558/558 178/534/534 182/546/546
f 178/534/534 190/570/570 192/576/576
f 192/576/576 188/564/564 184/552/552
f 190/570/570 178/534/534 186/558/558
o object_49
usemtl Terminal
v 0.1438 0.75 0.314
v 0.1438 0.9 0.314
v 0.1606 0.75 0.2973
v 0.1606 0.9 0.2973
v 0.2109 0.75 0.3812
v 0.2109 0.9 0.3812
v 0.2277 0.75 0.3645
v 0.2277 0.9 0.3645
vt 0 0
vt 1 0
vt 0 1
vt 0 0.8797
vt 1 0.8797
vt 0.6 0.8797
vt 0.9 0
vt 0.9 0
vt 0 0.8797
vt 0.9 0.8797
vt 0.9 0.8797
vt 0.6 1
vt 0.4 0
vt 0.4 0
vt 0.4 1
vt 0.4 0.8797
vt 0.4 0.8797
vt 1 0.8797
vt 0.5 0
vt 0.5 0
vt 0.4 0.8797
vt 0.5 0.8797
vt 0.5 0.8797
vt 1 1
vn -0.7071 0 0.7071
vn -0.7071 0 -0.7071
vn 0 -1 0
vn -0.7071 0 0.7071
vn -0.7071 0 -0.7071
vn 0 1 0
vn 0.7071 0 -0.7071
vn -0.7071 0 -0.7071
vn 0 -1 0
vn 0.7071 0 -0.7071
vn -0.7071 0 -0.7071
vn 0 1 0
vn -0.7071 0 0.7071
vn 0.7071 0 0.7071
vn 0 -1 0
vn -0.7071 0 0.7071
vn 0.7071 0 0.7071
vn 0 1 0
vn 0.7071 0 0.7071
vn 0.7071 0 -0.7071
vn 0 -1 0
vn 0.7071 0 0.7071
vn 0.7071 0 -0.7071
vn 0 1 0
f 193/577/577 197/589/589 198/592/592 194/580/580
f 197/590/590 199/595/595 200/598/598 198/593/593
f 199/596/596 195/583/583 196/586/586 200/599/599
f 195/584/584 193/578/578 194/581/581 196/587/587
f 197/591/591 193/579/579 195/585/585
f 195/585/585 199/597/597 197/591/591
f 198/594/594 196/588/588 194/582/582
f 196/588/588 198/594/594 200/600/600
o object_48
usemtl Terminal
v 0.05978 0.75 0.398
v 0.05978 0.9 0.398
v 0.07658 0.75 0.3812
v 0.07658 0.9 0.3812
v 0.127 0.75 0.4652
v 0.127 0.9 0.4652
v 0.1438 0.75 0.4485
v 0.1438 0.9 0.4485
vt 0 0
vt 1 0
vt 0 1
vt 0 0.8797
vt 1 0.8797
vt 0.6 0.8797
vt 0.9 0
vt 0.9 0
vt 0 0.8797
vt 0.9 0.8797
vt 0.9 0.8797
vt 0.6 1
vt 0.4 0
vt 0.4 0
vt 0.4 1
vt 0.4 0.8797
vt 0.4 0.8797
vt 1 0.8797
vt 0.5 0
vt 0.5 0
vt 0.4 0.8797
vt 0.5 0.8797
vt 0.5 0.8797
vt 1 1
vn -0.7071 0 0.7071
vn -0.7071 0 -0.7071
vn 0 -1 0
vn -0.7071 0 0.7071
vn -0.7071 0 -0.7071
vn 0 1 0
vn 0.7071 0 -0.7071
vn -0.7071 0 -0.7071
vn 0 -1 0
vn 0.7071 0 -0.7071
vn -0.7071 0 -0.7071
vn 0 1 0
vn -0.7071 0 0.7071
vn 0.7071 0 0.7071
vn 0 -1 0
vn -0.7071 0 0.7071
vn 0.7071 0 0.7071
vn 0 1 0
vn 0.7071 0 0.7071
vn 0.7071 0 -0.7071
vn 0 -1 0
vn 0.7071 0 0.7071
vn 0.7071 0 -0.7071
vn 0 1 0
f 201/601/601 205/613/613 206/616/616 202/604/604
f 205/614/614 207/619/619 208/622/622 206/617/617
f 207/620/620 203/607/607 204/610/610 208/623/623
f 203/608/608 201/602/602 202/605/605 204/611/611
f 205/615/615 201/603/603 203/609/609
f 203/609/609 207/621/621 205/615/615
f 206/618/618 204/612/612 202/606/606
f 204/612/612 206/618/618 208/624/624
o object_47
usemtl Terminal
v 0.8563 0.75 0.5515
v 0.8563 0.9 0.5515
v 0.873 0.75 0.5348
v 0.873 0.9 0.5348
v 0.9235 0.75 0.6187
v 0.9235 0.9 0.6187
v 0.9403 0.75 0.602
v 0.9403 0.9 0.602
vt 0 0
vt 1 0
vt 0 1
vt 0 0.8797
vt 1 0.8797
vt 0.6 0.8797
vt 0.9 0
vt 0.9 0
vt 0 0.8797
vt 0.9 0.8797
vt 0.9 0.8797
vt 0.6 1
vt 0.4 0
vt 0.4 0
vt 0.4 1
vt 0.4 0.8797
vt 0.4 0.8797
vt 1 0.8797
vt 0.5 0
vt 0.5 0
vt 0.4 0.8797
vt 0.5 0.8797
vt 0.5 0.8797
vt 1 1
vn -0.7071 0 0.7071
vn -0.7071 0 -0.7071
vn 0 -1 0
vn -0.7071 0 0.7071
vn -0.7071 0 -0.7071
vn 0 1 0
vn 0.7071 0 -0.7071
vn -0.7071 0 -0.7071
vn 0 -1 0
vn 0.7071 0 -0.7071
vn -0.7071 0 -0.7071
vn 0 1 0
vn -0.7071 0 0.7071
vn 0.7071 0 0.7071
vn 0 -1 0
vn -0.7071 0 0.7071
vn 0.7071 0 0.7071
vn 0 1 0
vn 0.7071 0 0.7071
vn 0.7071 0 -0.7071
vn 0 -1 0
vn 0.7071 0 0.7071
vn 0.7071 0 -0.7071
vn 0 1 0
f 209/625/625 213/637/637 214/640/640 210/628/628
f 213/638/638 215/643/643 216/646/646 214/641/641
f 215/644/644 211/631/631 212/634/634 216/647/647
f 211/632/632 209/626/626 210/629/629 212/635/635
f 213/639/639 209/627/627 211/633/633
f 211/633/633 215/645/645 213/639/639
f 214/642/642 212/636/636 210/630/630
f 212/636/636 214/642/642 216/648/648
o object_46
usemtl Terminal
v 0.7723 0.75 0.6355
v 0.7723 0.9 0.6355
v 0.789 0.75 0.6187
v 0.789 0.9 0.6187
v 0.8395 0.75 0.7027
v 0.8395 0.9 0.7027
v 0.8563 0.75 0.686
v 0.8563 0.9 0.686
vt 0 0
vt 1 0
vt 0 1
vt 0 0.8797
vt 1 0.8797
vt 0.6 0.8797
vt 0.9 0
vt 0.9 0
vt 0 0.8797
vt 0.9 0.8797
vt 0.9 0.8797
vt 0.6 1
vt 0.4 0
vt 0.4 0
vt 0.4 1
vt 0.4 0.8797
vt 0.4 0.8797
vt 1 0.8797
vt 0.5 0
vt 0.5 0
vt 0.4 0.8797
vt 0.5 0.8797
vt 0.5 0.8797
vt 1 1
vn -0.7071 0 0.7071
vn -0.7071 0 -0.7071
vn 0 -1 0
vn -0.7071 0 0.7071
vn -0.7071 0 -0.7071
vn 0 1 0
vn 0.7071 0 -0.7071
vn -0.7071 0 -0.7071
vn 0 -1 0
vn 0.7071 0 -0.7071
vn -0.7071 0 -0.7071
vn 0 1 0
vn -0.7071 0 0.7071
vn 0.7071 0 0.7071
vn 0 -1 0
vn -0.7071 0 0.7071
vn 0.7071 0 0.7071
vn 0 1 0
vn 0.7071 0 0.7071
vn 0.7071 0 -0.7071
vn 0 -1 0
vn 0.7071 0 0.7071
vn 0.7071 0 -0.7071
vn 0 1 0
f 217/649/649 221/661/661 222/664/664 218/652/652
f 221/662/662 223/667/667 224/670/670 222/665/665
f 223/668/668 219/655/655 220/658/658 224/671/671
f 219/656/656 217/650/650 218/653/653 220/659/659
f 221/663/663 217/651/651 219/657/657
f 219/657/657 223/669/669 221/663/663
f 222/666/666 220/660/660 218/654/654
f 220/660/660 222/666/666 224/672/672
o object_45
usemtl Terminal
v 0.6188 0.75 0.5515
v 0.6188 0.9 0.5515
v 0.6355 0.75 0.5348
v 0.6355 0.9 0.5348
v 0.686 0.75 0.6187
v 0.686 0.9 0.6187
v 0.7027 0.75 0.602
v 0.7027 0.9 0.602
vt 0 0
vt 1 0
vt 0 1
vt 0 0.8797
vt 1 0.8797
vt 0.6 0.8797
vt 0.9 0
vt 0.9 0
vt 0 0.8797
vt 0.9 0.8797
vt 0.9 0.8797
vt 0.6 1
vt 0.4 0
vt 0.4 0
vt 0.4 1
vt 0.4 0.8797
vt 0.4 0.8797
vt 1 0.8797
vt 0.5 0
vt 0.5 0
vt 0.4 0.8797
vt 0.5 0.8797
vt 0.5 0.8797
vt 1 1
vn -0.7071 0 0.7071
vn -0.7071 0 -0.7071
vn 0 -1 0
vn -0.7071 0 0.7071
vn -0.7071 0 -0.7071
vn 0 1 0
vn 0.7071 0 -0.7071
vn -0.7071 0 -0.7071
vn 0 -1 0
vn 0.7071 0 -0.7071
vn -0.7071 0 -0.7071
vn 0 1 0
vn -0.7071 0 0.7071
vn 0.7071 0 0.7071
vn 0 -1 0
vn -0.7071 0 0.7071
vn 0.7071 0 0.7071
vn 0 1 0
vn 0.7071 0 0.7071
vn 0.7071 0 -0.7071
vn 0 -1 0
vn 0.7071 0 0.7071
vn 0.7071 0 -0.7071
vn 0 1 0
f 225/673/673 229/685/685 230/688/688 226/676/676
f 229/686/686 231/691/691 232/694/694 230/689/689
f 231/692/692 227/679/679 228/682/682 232/695/695
f 227/680/680 225/674/674 226/677/677 228/683/683
f 229/687/687 225/675/675 227/681/681
f 227/681/681 231/693/693 229/687/687
f 230/690/690 228/684/684 226/678/678
f 228/684/684 230/690/690 232/696/696
o object_44
usemtl Terminal
v 0.5348 0.75 0.6355
v 0.5348 0.9 0.6355
v 0.5515 0.75 0.6187
v 0.5515 0.9 0.6187
v 0.602 0.75 0.7027
v 0.602 0.9 0.7027
v 0.6188 0.75 0.686
v 0.6188 0.9 0.686
vt 0 0
vt 1 0
vt 0 1
vt 0 0.8797
vt 1 0.8797
vt 0.6 0.8797
vt 0.9 0
vt 0.9 0
vt 0 0.8797
vt 0.9 0.8797
vt 0.9 0.8797
vt 0.6 1
vt 0.4 0
vt 0.4 0
vt 0.4 1
vt 0.4 0.8797
vt 0.4 0.8797
vt 1 0.8797
vt 0.5 0
vt 0.5 0
vt 0.4 0.8797
vt 0.5 0.8797
vt 0.5 0.8797
vt 1 1
vn -0.7071 0 0.7071
vn -0.7071 0 -0.7071
vn 0 -1 0
vn -0.7071 0 0.7071
vn -0.7071 0 -0.7071
vn 0 1 0
vn 0.7071 0 -0.7071
vn -0.7071 0 -0.7071
vn 0 -1 0
vn 0.7071 0 -0.7071
vn -0.7071 0 -0.7071
vn 0 1 0
vn -0.7071 0 0.7071
vn 0.7071 0 0.7071
vn 0 -1 0
vn -0.7071 0 0.7071
vn 0.7071 0 0.7071
vn 0 1 0
vn 0.7071 0 0.7071
vn 0.7071 0 -0.7071
vn 0 -1 0
vn 0.7071 0 0.7071
vn 0.7071 0 -0.7071
vn 0 1 0
f 233/697/697 237/709/709 238/712/712 234/700/700
f 237/710/710 239/715/715 240/718/718 238/713/713
f 239/716/716 235/703/703 236/706/706 240/719/719
f 235/704/704 233/698/698 234/701/701 236/707/707
f 237/711/711 233/699/699 235/705/705
f 235/705/705 239/717/717 237/711/711
f 238/714/714 236/708/708 234/702/702
f 236/708/708 238/714/714 240/720/720
o object_43
usemtl Terminal
v 0.3813 0.75 0.5515
v 0.3813 0.9 0.5515
v 0.398 0.75 0.5348
v 0.398 0.9 0.5348
v 0.4485 0.75 0.6187
v 0.4485 0.9 0.6187
v 0.4653 0.75 0.602
v 0.4653 0.9 0.602
vt 0 0
vt 1 0
vt 0 1
vt 0 0.8797
vt 1 0.8797
vt 0.6 0.8797
vt 0.9 0
vt 0.9 0
vt 0 0.8797
vt 0.9 0.8797
vt 0.9 0.8797
vt 0.6 1
vt 0.4 0
vt 0.4 0
vt 0.4 1
vt 0.4 0.8797
vt 0.4 0.8797
vt 1 0.8797
vt 0.5 0
vt 0.5 0
vt 0.4 0.8797
vt 0.5 0.8797
vt 0.5 0.8797
vt 1 1
vn -0.7071 0 0.7071
vn -0.7071 0 -0.7071
vn 0 -1 0
vn -0.7071 0 0.7071
vn -0.7071 0 -0.7071
vn 0 1 0
vn 0.7071 0 -0.7071
vn -0.7071 0 -0.7071
vn 0 -1 0
vn 0.7071 0 -0.7071
vn -0.7071 0 -0.7071
vn 0 1 0
vn -0.7071 0 0.7071
vn 0.7071 0 0.7071
vn 0 -1 0
vn -0.7071 0 0.7071
vn 0.7071 0 0.7071
vn 0 1 0
vn 0.7071 0 0.7071
vn 0.7071 0 -0.7071
vn 0 -1 0
vn 0.7071 0 0.7071
vn 0.7071 0 -0.7071
vn 0 1 0
f 241/721/721 245/733/733 246/736/736 242/724/724
f 245/734/734 247/739/739 248/742/742 246/737/737
f 247/740/740 243/727/727 244/730/730 248/743/743
f 243/728/728 241/722/722 242/725/725 244/731/731
f 245/735/735 241/723/723 243/729/729
f 243/729/729 247/741/741 245/735/735
f 246/738/738 244/732/732 242/726/726
f 244/732/732 246/738/738 248/744/744
o object_42
usemtl Terminal
v 0.2973 0.75 0.6355
v 0.2973 0.9 0.6355
v 0.314 0.75 0.6187
v 0.314 0.9 0.6187
v 0.3645 0.75 0.7027
v 0.3645 0.9 0.7027
v 0.3813 0.75 0.686
v 0.3813 0.9 0.686
vt 0 0
vt 1 0
vt 0 1
vt 0 0.8797
vt 1 0.8797
vt 0.6 0.8797
vt 0.9 0
vt 0.9 0
vt 0 0.8797
vt 0.9 0.8797
vt 0.9 0.8797
vt 0.6 1
vt 0.4 0
vt 0.4 0
vt 0.4 1
vt 0.4 0.8797
vt 0.4 0.8797
vt 1 0.8797
vt 0.5 0
vt 0.5 0
vt 0.4 0.8797
vt 0.5 0.8797
vt 0.5 0.8797
vt 1 1
vn -0.7071 0 0.7071
vn -0.7071 0 -0.7071
vn 0 -1 0
vn -0.7071 0 0.7071
vn -0.7071 0 -0.7071
vn 0 1 0
vn 0.7071 0 -0.7071
vn -0.7071 0 -0.7071
vn 0 -1 0
vn 0.7071 0 -0.7071
vn -0.7071 0 -0.7071
vn 0 1 0
vn -0.7071 0 0.7071
vn 0.7071 0 0.7071
vn 0 -1 0
vn -0.7071 0 0.7071
vn 0.7071 0 0.7071
vn 0 1 0
vn 0.7071 0 0.7071
vn 0.7071 0 -0.7071
vn 0 -1 0
vn 0.7071 0 0.7071
vn 0.7071 0 -0.7071
vn 0 1 0
f 249/745/745 253/757/757 254/760/760 250/748/748
f 253/758/758 255/763/763 256/766/766 254/761/761
f 255/764/764 251/751/751 252/754/754 256/767/767
f 251/752/752 249/746/746 250/749/749 252/755/755
f 253/759/759 249/747/747 251/753/753
f 251/753/753 255/765/765 253/759/759
f 254/762/762 252/756/756 250/750/750
f 252/756/756 254/762/762 256/768/768
o object_41
usemtl Terminal
v 0.1438 0.75 0.5515
v 0.1438 0.9 0.5515
v 0.1606 0.75 0.5348
v 0.1606 0.9 0.5348
v 0.2109 0.75 0.6187
v 0.2109 0.9 0.6187
v 0.2277 0.75 0.602
v 0.2277 0.9 0.602
vt 0 0
vt 1 0
vt 0 1
vt 0 0.8797
vt 1 0.8797
vt 0.6 0.8797
vt 0.9 0
vt 0.9 0
vt 0 0.8797
vt 0.9 0.8797
vt 0.9 0.8797
vt 0.6 1
vt 0.4 0
vt 0.4 0
vt 0.4 1
vt 0.4 0.8797
vt 0.4 0.8797
vt 1 0.8797
vt 0.5 0
vt 0.5 0
vt 0.4 0.8797
vt 0.5 0.8797
vt 0.5 0.8797
vt 1 1
vn -0.7071 0 0.7071
vn -0.7071 0 -0.7071
vn 0 -1 0
vn -0.7071 0 0.7071
vn -0.7071 0 -0.7071
vn 0 1 0
vn 0.7071 0 -0.7071
vn -0.7071 0 -0.7071
vn 0 -1 0
vn 0.7071 0 -0.7071
vn -0.7071 0 -0.7071
vn 0 1 0
vn -0.7071 0 0.7071
vn 0.7071 0 0.7071
vn 0 -1 0
vn -0.7071 0 0.7071
vn 0.7071 0 0.7071
vn 0 1 0
vn 0.7071 0 0.7071
vn 0.7071 0 -0.7071
vn 0 -1 0
vn 0.7071 0 0.7071
vn 0.7071 0 -0.7071
vn 0 1 0
f 257/769/769 261/781/781 262/784/784 258/772/772
f 261/782/782 263/787/787 264/790/790 262/785/785
f 263/788/788 259/775/775 260/778/778 264/791/791
f 259/776/776 257/770/770 258/773/773 260/779/779
f 261/783/783 257/771/771 259/777/777
f 259/777/777 263/789/789 261/783/783
f 262/786/786 260/780/780 258/774/774
f 260/780/780 262/786/786 264/792/792
o object_40
usemtl Terminal
v 0.05978 0.75 0.6355
v 0.05978 0.9 0.6355
v 0.07658 0.75 0.6187
v 0.07658 0.9 0.6187
v 0.127 0.75 0.7027
v 0.127 0.9 0.7027
v 0.1438 0.75 0.686
v 0.1438 0.9 0.686
vt 0 0
vt 1 0
vt 0 1
vt 0 0.8797
vt 1 0.8797
vt 0.6 0.8797
vt 0.9 0
vt 0.9 0
vt 0 0.8797
vt 0.9 0.8797
vt 0.9 0.8797
vt 0.6 1
vt 0.4 0
vt 0.4 0
vt 0.4 1
vt 0.4 0.8797
vt 0.4 0.8797
vt 1 0.8797
vt 0.5 0
vt 0.5 0
vt 0.4 0.8797
vt 0.5 0.8797
vt 0.5 0.8797
vt 1 1
vn -0.7071 0 0.7071
vn -0.7071 0 -0.7071
vn 0 -1 0
vn -0.7071 0 0.7071
vn -0.7071 0 -0.7071
vn 0 1 0
vn 0.7071 0 -0.7071
vn -0.7071 0 -0.7071
vn 0 -1 0
vn 0.7071 0 -0.7071
vn -0.7071 0 -0.7071
vn 0 1 0
vn -0.7071 0 0.7071
vn 0.7071 0 0.7071
vn 0 -1 0
vn -0.7071 0 0.7071
vn 0.7071 0 0.7071
vn 0 1 0
vn 0.7071 0 0.7071
vn 0.7071 0 -0.7071
vn 0 -1 0
vn 0.7071 0 0.7071
vn 0.7071 0 -0.7071
vn 0 1 0
f 265/793/793 269/805/805 270/808/808 266/796/796
f 269/806/806 271/811/811 272/814/814 270/809/809
f 271/812/812 267/799/799 268/802/802 272/815/815
f 267/800/800 265/794/794 266/797/797 268/803/803
f 269/807/807 265/795/795 267/801/801
